# This file may be used to create an environment using:
# $ conda create --name <env> --file <this file>
# platform: win-64
blas=1.0=mkl
boost-cpp=1.74.0=h5b4e17d_4
bzip2=1.0.8=h8ffe710_4
ca-certificates=2021.5.30=h5b45459_0
cairo=1.16.0=hb19e0ff_1008
certifi=2021.5.30=py39hcbf5309_0
cfitsio=3.470=h0af3d06_7
curl=7.77.0=h789b8ee_0
expat=2.4.1=h39d44d4_0
fontconfig=2.13.1=h1989441_1005
freeglut=3.2.1=h0e60522_2
freetype=2.10.4=h546665d_1
freexl=1.0.6=ha8e266a_0
gdal=3.3.1=py39h6795fcd_0
geos=3.9.1=h39d44d4_2
geotiff=1.6.0=ha8a8a2d_6
gettext=0.19.8.1=h1a89ca6_1005
hdf4=4.2.15=h0e5069d_3
hdf5=1.10.6=nompi_h5268f04_1114
icu=68.1=h0e60522_0
intel-openmp=2021.3.0=h57928b3_3372
jasper=2.0.14=h77af90b_2
jbig=2.1=h8d14728_2003
jpeg=9d=h8ffe710_0
kealib=1.4.14=h96bfa42_2
krb5=1.19.1=hbae68bd_0
lerc=2.2.1=h0e60522_0
libblas=3.9.0=9_mkl
libcblas=3.9.0=9_mkl
libclang=11.1.0=default_h5c34c98_1
libcurl=7.77.0=h789b8ee_0
libdeflate=1.7=h8ffe710_5
libffi=3.3=h0e60522_2
libgdal=3.3.1=ha6cada3_0
libglib=2.68.3=h1e62bf3_0
libiconv=1.16=he774522_0
libkml=1.3.0=h9859afa_1013
liblapack=3.9.0=9_mkl
liblapacke=3.9.0=9_mkl
libnetcdf=4.8.0=nompi_hf689e7d_103
libopencv=4.5.2=py39h41a9e09_1
libpng=1.6.37=h1d00b33_2
libpq=13.3=hfcc5ef8_0
libprotobuf=3.16.0=h7755175_0
librttopo=1.1.0=hb340de5_6
libspatialite=5.0.1=h762a7f4_5
libssh2=1.9.0=h680486a_6
libtiff=4.3.0=h0c97f57_1
libwebp-base=1.2.0=h8ffe710_2
libxml2=2.9.12=hf5bbc77_0
libzip=1.8.0=hfed4ece_0
lz4-c=1.9.3=h8ffe710_0
mkl=2021.2.0=hb70f87d_389
mkl-service=2.4.0=py39h2bbff1b_0
mkl_fft=1.3.0=py39h277e83a_2
mkl_random=1.2.2=py39hf11a4ad_0
numpy=1.20.1=py39h34a8a5c_0
numpy-base=1.20.1=py39haf7ebc8_0
opencv=4.5.2=py39hcbf5309_1
openjpeg=2.4.0=hb211442_1
openssl=1.1.1k=h8ffe710_0
pcre=8.45=h0e60522_0
pip=21.1.3=pyhd8ed1ab_0
pixman=0.40.0=h8ffe710_0
poppler=21.03.0=h9ff6ed8_0
poppler-data=0.4.10=0
postgresql=13.3=h1c22c4f_0
proj=8.0.1=h1cfcee9_0
py-opencv=4.5.2=py39h832f523_1
python=3.9.6=h7840368_1_cpython
python_abi=3.9=2_cp39
qt=5.12.9=h5909a2a_4
setuptools=49.6.0=py39hcbf5309_3
six=1.16.0=pyhd3eb1b0_0
sqlite=3.36.0=h8ffe710_0
tbb=2021.3.0=h2d74725_0
tiledb=2.3.2=h78dabda_0
tk=8.6.10=h8ffe710_1
tzdata=2021a=he74cb21_1
ucrt=10.0.20348.0=h57928b3_0
vc=14.2=hb210afc_5
vs2015_runtime=14.29.30037=h902a5da_5
wheel=0.36.2=pyhd3deb0d_0
wincertstore=0.2=py39hcbf5309_1006
xerces-c=3.2.3=h0e60522_2
xz=5.2.5=h62dcd97_1
zlib=1.2.11=h62dcd97_1010
zstd=1.5.0=h6255e5f_0
